test:
  AUC: 0.946121954081433
  F1: 0.8879725085910654
  accuracy: 0.8729540109634399
  loss: 0.30853867530822754
  precision: 0.8455497382198953
  recall: 0.934876989869754
train:
  AUC: 0.9587979157505786
  F1: 0.9156844968268358
  accuracy: 0.9019762873649597
  loss: 0.26115795969963074
  precision: 0.8879120879120879
  recall: 0.9452503509592888
val:
  AUC: 0.9787912087912087
  F1: 0.9310986964618249
  accuracy: 0.9212765693664551
  loss: 0.1897517442703247
  precision: 0.9025270758122743
  recall: 0.9615384615384616
