test:
  AUC: 0.7726662831267166
  F1: 0.7209908735332463
  accuracy: 0.7086453437805176
  loss: 0.5802348852157593
  precision: 0.7144702842377261
  recall: 0.7276315789473684
train:
  AUC: 0.8727120695962185
  F1: 0.803484995159729
  accuracy: 0.7805405259132385
  loss: 0.4403597414493561
  precision: 0.8193484698914116
  recall: 0.7882241215574549
val:
  AUC: 0.8094623285706088
  F1: 0.7644444444444445
  accuracy: 0.7203166484832764
  loss: 0.514086127281189
  precision: 0.7543859649122807
  recall: 0.7747747747747747
