test:
  AUC: 0.8418341484799912
  F1: 0.7956989247311828
  accuracy: 0.7638121843338013
  loss: 0.4822924733161926
  precision: 0.7976047904191617
  recall: 0.7938021454112039
train:
  AUC: 0.842852782923801
  F1: 0.7846820809248555
  accuracy: 0.7584436535835266
  loss: 0.4966818690299988
  precision: 0.7915451895043731
  recall: 0.7779369627507163
val:
  AUC: 0.8151242728714967
  F1: 0.6884272997032641
  accuracy: 0.7368420958518982
  loss: 0.5651851892471313
  precision: 0.6373626373626373
  recall: 0.7483870967741936
