test:
  AUC: 0.9295822887126164
  F1: 0.8625134264232008
  accuracy: 0.8232043981552124
  loss: 0.4185546636581421
  precision: 0.7849462365591398
  recall: 0.9570917759237187
train:
  AUC: 0.9192673647824199
  F1: 0.8445387062566279
  accuracy: 0.8019454479217529
  loss: 0.4317746162414551
  precision: 0.7596337275848912
  recall: 0.9508118433619867
val:
  AUC: 0.9372025383395028
  F1: 0.7816711590296495
  accuracy: 0.7969924807548523
  loss: 0.4095360338687897
  precision: 0.6712962962962963
  recall: 0.9354838709677419
