test:
  AUC: 0.8641709283277652
  F1: 0.8171793383633197
  accuracy: 0.7824585437774658
  loss: 0.4644376337528229
  precision: 0.7963800904977375
  recall: 0.8390941597139452
train:
  AUC: 0.8319595085731063
  F1: 0.7856804172593647
  accuracy: 0.7557417154312134
  loss: 0.5067751407623291
  precision: 0.7801318267419962
  recall: 0.791308500477555
val:
  AUC: 0.8391591750396614
  F1: 0.7305389221556886
  accuracy: 0.7744361162185669
  loss: 0.5156487226486206
  precision: 0.6815642458100558
  recall: 0.7870967741935484
