test:
  AUC: 0.8424565173568502
  F1: 0.7515808491418248
  accuracy: 0.6201657652854919
  loss: 1.031963586807251
  precision: 0.6050909090909091
  recall: 0.9916567342073898
train:
  AUC: 0.8380071012148973
  F1: 0.7302202643171806
  accuracy: 0.5863280296325684
  loss: 1.0571454763412476
  precision: 0.5786093270036303
  recall: 0.9894937917860553
val:
  AUC: 0.8125594923320993
  F1: 0.5605786618444847
  accuracy: 0.3909774422645569
  loss: 1.6005825996398926
  precision: 0.38944723618090454
  recall: 1.0
