test:
  AUC: 0.8577351347338728
  F1: 0.7878787878787878
  accuracy: 0.7665078043937683
  loss: 0.4895254373550415
  precision: 0.7432905484247374
  recall: 0.8381578947368421
train:
  AUC: 0.86302385131327
  F1: 0.8074074074074075
  accuracy: 0.7751351594924927
  loss: 0.47076794505119324
  precision: 0.7877145438121048
  recall: 0.8281101614434948
val:
  AUC: 0.8231479887530844
  F1: 0.7792207792207791
  accuracy: 0.7308707237243652
  loss: 0.49847492575645447
  precision: 0.75
  recall: 0.8108108108108109
