test:
  AUC: 0.938343372315876
  F1: 0.8785666887856669
  accuracy: 0.8573655486106873
  loss: 0.34568774700164795
  precision: 0.8112745098039216
  recall: 0.9580318379160637
train:
  AUC: 0.9514967771579268
  F1: 0.9099483494273524
  accuracy: 0.8943346738815308
  loss: 0.2933664917945862
  precision: 0.8747841105354058
  recall: 0.9480580252690688
val:
  AUC: 0.9777289377289378
  F1: 0.9363295880149812
  accuracy: 0.9276595711708069
  loss: 0.20553985238075256
  precision: 0.9124087591240876
  recall: 0.9615384615384616
