test:
  AUC: 0.925227663709436
  F1: 0.7948350071736011
  accuracy: 0.7037292718887329
  loss: 0.5307741761207581
  precision: 0.6637380191693291
  recall: 0.9904648390941597
train:
  AUC: 0.9148497589046014
  F1: 0.7731343283582088
  accuracy: 0.6714401245117188
  loss: 0.5583600997924805
  precision: 0.6344151867728107
  recall: 0.9894937917860553
val:
  AUC: 0.9017715494447384
  F1: 0.6198347107438016
  accuracy: 0.5388470888137817
  loss: 0.7434589266777039
  precision: 0.45592705167173253
  recall: 0.967741935483871
