test:
  AUC: 0.9069167102129166
  F1: 0.7923025879230259
  accuracy: 0.783839762210846
  loss: 0.4570575952529907
  precision: 0.8937125748502994
  recall: 0.7115613825983313
train:
  AUC: 0.9130707405340412
  F1: 0.8127533099162388
  accuracy: 0.8127533197402954
  loss: 0.44562697410583496
  precision: 0.9359054138145613
  recall: 0.7182425978987583
val:
  AUC: 0.9109201480698044
  F1: 0.7615658362989324
  accuracy: 0.8320801854133606
  loss: 0.39415979385375977
  precision: 0.8492063492063492
  recall: 0.6903225806451613
