test:
  AUC: 0.815796426663222
  F1: 0.7762447510497901
  accuracy: 0.7424033284187317
  loss: 0.5142116546630859
  precision: 0.7814009661835749
  recall: 0.7711561382598331
train:
  AUC: 0.8536569057650716
  F1: 0.7879377431906615
  accuracy: 0.7643880248069763
  loss: 0.47171950340270996
  precision: 0.8027750247770069
  recall: 0.7736389684813754
val:
  AUC: 0.7538603913273401
  F1: 0.6208955223880597
  accuracy: 0.6817042827606201
  loss: 0.598521888256073
  precision: 0.5777777777777777
  recall: 0.6709677419354839
