test:
  AUC: 0.8992622325654163
  F1: 0.8438356164383561
  accuracy: 0.8222914934158325
  loss: 0.40997910499572754
  precision: 0.8010403120936281
  recall: 0.8914616497829233
train:
  AUC: 0.945182050076401
  F1: 0.8946890603722197
  accuracy: 0.8777338862419128
  loss: 0.30571913719177246
  precision: 0.8686646099603349
  recall: 0.9223210107627515
val:
  AUC: 0.9129304029304028
  F1: 0.8560606060606062
  accuracy: 0.8382978439331055
  loss: 0.37154412269592285
  precision: 0.8432835820895522
  recall: 0.8692307692307693
