test:
  AUC: 0.963438764186781
  F1: 0.9269729093050647
  accuracy: 0.9143646359443665
  loss: 0.25366681814193726
  precision: 0.9161816065192084
  recall: 0.9380214541120382
train:
  AUC: 0.9654811298943435
  F1: 0.9241412213740459
  accuracy: 0.9140772819519043
  loss: 0.24179981648921967
  precision: 0.9232602478551001
  recall: 0.9250238777459407
val:
  AUC: 0.9826017979904812
  F1: 0.9153605015673981
  accuracy: 0.932330846786499
  loss: 0.16447339951992035
  precision: 0.8902439024390244
  recall: 0.9419354838709677
