test:
  AUC: 0.8231787392528833
  F1: 0.7883302296710119
  accuracy: 0.764502763748169
  loss: 0.5137918591499329
  precision: 0.822538860103627
  recall: 0.7568533969010727
train:
  AUC: 0.8423030152823517
  F1: 0.7676664972038637
  accuracy: 0.7530397176742554
  loss: 0.496113657951355
  precision: 0.8206521739130435
  recall: 0.7211079274116523
val:
  AUC: 0.7759122157588576
  F1: 0.6623376623376623
  accuracy: 0.7393483519554138
  loss: 0.558925986289978
  precision: 0.6666666666666666
  recall: 0.6580645161290323
