test:
  AUC: 0.8804249331149171
  F1: 0.6955223880597016
  accuracy: 0.7182320356369019
  loss: 0.5922747254371643
  precision: 0.9301397205588823
  recall: 0.5554231227651967
train:
  AUC: 0.8850465578899384
  F1: 0.672665218740304
  accuracy: 0.7149419188499451
  loss: 0.6192073822021484
  precision: 0.9601417183348095
  recall: 0.5176695319961796
val:
  AUC: 0.8296932839767319
  F1: 0.547008547008547
  accuracy: 0.7343358397483826
  loss: 0.6024529933929443
  precision: 0.810126582278481
  recall: 0.4129032258064516
