test:
  AUC: 0.7775770524504244
  F1: 0.7472067039106146
  accuracy: 0.7178487777709961
  loss: 0.5705110430717468
  precision: 0.7219973009446694
  recall: 0.7742402315484804
train:
  AUC: 0.8274574347204434
  F1: 0.7737598516458043
  accuracy: 0.7428194880485535
  loss: 0.5069515705108643
  precision: 0.7666513550757924
  recall: 0.7810014038371549
val:
  AUC: 0.8108791208791208
  F1: 0.7529880478087649
  accuracy: 0.73617023229599
  loss: 0.5335357785224915
  precision: 0.78099173553719
  recall: 0.7269230769230769
