test:
  AUC: 0.7784839832596706
  F1: 0.7217712177121771
  accuracy: 0.7061574459075928
  loss: 0.574047327041626
  precision: 0.7364457831325302
  recall: 0.7076700434153401
train:
  AUC: 0.8612958653129168
  F1: 0.7992240543161978
  accuracy: 0.7818182110786438
  loss: 0.46017470955848694
  precision: 0.8293910417715148
  recall: 0.7711745437529247
val:
  AUC: 0.799047619047619
  F1: 0.7199999999999999
  accuracy: 0.7170212864875793
  loss: 0.552695095539093
  precision: 0.7953488372093023
  recall: 0.6576923076923077
