test:
  AUC: 0.8109270751989917
  F1: 0.3141463414634146
  accuracy: 0.514502763748169
  loss: 1.2280855178833008
  precision: 0.8655913978494624
  recall: 0.19189511323003575
train:
  AUC: 0.8264802568038947
  F1: 0.3080625752105896
  accuracy: 0.5339097380638123
  loss: 1.2169725894927979
  precision: 0.9624060150375939
  recall: 0.1833810888252149
val:
  AUC: 0.8062665256478054
  F1: 0.29896907216494845
  accuracy: 0.6591478586196899
  loss: 0.9055399894714355
  precision: 0.7435897435897436
  recall: 0.1870967741935484
