test:
  AUC: 0.8413781360639279
  F1: 0.7893462469733656
  accuracy: 0.7596685290336609
  loss: 0.4837130904197693
  precision: 0.8019680196801968
  recall: 0.7771156138259833
train:
  AUC: 0.8178376123086141
  F1: 0.7695351137487635
  accuracy: 0.7481761574745178
  loss: 0.5225511789321899
  precision: 0.7979487179487179
  recall: 0.7430754536771729
val:
  AUC: 0.8061607615018509
  F1: 0.6876971608832808
  accuracy: 0.7518796920776367
  loss: 0.5255308747291565
  precision: 0.6728395061728395
  recall: 0.7032258064516129
