test:
  AUC: 0.7776772793053547
  F1: 0.7306325515280739
  accuracy: 0.704598605632782
  loss: 0.5679412484169006
  precision: 0.7178770949720671
  recall: 0.743849493487699
train:
  AUC: 0.8133080036780873
  F1: 0.7575901328273245
  accuracy: 0.73069828748703
  loss: 0.5250616669654846
  precision: 0.7681577681577682
  recall: 0.7473093121197941
val:
  AUC: 0.792930402930403
  F1: 0.7280163599182004
  accuracy: 0.7170212864875793
  loss: 0.5468008518218994
  precision: 0.777292576419214
  recall: 0.6846153846153846
