test:
  AUC: 0.8864542350233835
  F1: 0.8134328358208955
  accuracy: 0.7957794666290283
  loss: 0.4576144814491272
  precision: 0.7712264150943396
  recall: 0.8605263157894737
train:
  AUC: 0.9631104176273562
  F1: 0.9176857949200377
  accuracy: 0.9054054021835327
  loss: 0.25033628940582275
  precision: 0.9091332712022367
  recall: 0.9264007597340931
val:
  AUC: 0.9167670855568945
  F1: 0.8609865470852017
  accuracy: 0.8364115953445435
  loss: 0.3631860315799713
  precision: 0.8571428571428571
  recall: 0.8648648648648649
