test:
  AUC: 0.8016443846865942
  F1: 0.7423638778220452
  accuracy: 0.7320442199707031
  loss: 0.554962694644928
  precision: 0.8380809595202399
  recall: 0.66626936829559
train:
  AUC: 0.8261185988473304
  F1: 0.7416034669555795
  accuracy: 0.7422318458557129
  loss: 0.5306668877601624
  precision: 0.8566958698372966
  recall: 0.6537726838586437
val:
  AUC: 0.7736647276573241
  F1: 0.6573426573426573
  accuracy: 0.7543859481811523
  loss: 0.5495057106018066
  precision: 0.7175572519083969
  recall: 0.6064516129032258
