test:
  AUC: 0.8990850716353648
  F1: 0.8150322959483265
  accuracy: 0.7855684161186218
  loss: 0.43036195635795593
  precision: 0.735949098621421
  recall: 0.9131578947368421
train:
  AUC: 0.918835739674301
  F1: 0.8502994011976048
  accuracy: 0.8175675868988037
  loss: 0.3721480071544647
  precision: 0.797752808988764
  recall: 0.9102564102564102
val:
  AUC: 0.9139840477420096
  F1: 0.8552036199095022
  accuracy: 0.831134557723999
  loss: 0.37135061621665955
  precision: 0.8590909090909091
  recall: 0.8513513513513513
