test:
  AUC: 0.8808124860812114
  F1: 0.8145968216598
  accuracy: 0.7855684161186218
  loss: 0.4857834279537201
  precision: 0.7369542066027689
  recall: 0.9105263157894737
train:
  AUC: 0.9156776778064941
  F1: 0.8719200887902332
  accuracy: 0.8440540432929993
  loss: 0.3715888559818268
  precision: 0.8186744476865361
  recall: 0.932573599240266
val:
  AUC: 0.9193779767028174
  F1: 0.8660714285714286
  accuracy: 0.8416886329650879
  loss: 0.3591463267803192
  precision: 0.8584070796460177
  recall: 0.8738738738738738
