test:
  AUC: 0.782986858059217
  F1: 0.7448763250883393
  accuracy: 0.7186282277107239
  loss: 0.5674700140953064
  precision: 0.7279005524861878
  recall: 0.7626628075253257
train:
  AUC: 0.8507851496946498
  F1: 0.801670146137787
  accuracy: 0.7747035622596741
  loss: 0.48305338621139526
  precision: 0.7948482060717571
  recall: 0.8086102012166588
val:
  AUC: 0.8017765567765567
  F1: 0.7598425196850394
  accuracy: 0.7404255270957947
  loss: 0.5400566458702087
  precision: 0.7782258064516129
  recall: 0.7423076923076923
