test:
  AUC: 0.8784129985067062
  F1: 0.48092280390417047
  accuracy: 0.5959944725036621
  loss: 0.7121431231498718
  precision: 0.9409722222222222
  recall: 0.3230035756853397
train:
  AUC: 0.8801904751716016
  F1: 0.44387001477104876
  accuracy: 0.5930829644203186
  loss: 0.7240995168685913
  precision: 0.9788273615635179
  recall: 0.28701050620821394
val:
  AUC: 0.8145954521417238
  F1: 0.28421052631578947
  accuracy: 0.6591478586196899
  loss: 0.6429857611656189
  precision: 0.7714285714285715
  recall: 0.17419354838709677
