test:
  AUC: 0.7210534865378481
  F1: 0.6306695464362851
  accuracy: 0.6457182168960571
  loss: 0.7410731315612793
  precision: 0.7963636363636364
  recall: 0.5220500595947557
train:
  AUC: 0.7408600386679812
  F1: 0.64
  accuracy: 0.6619832515716553
  loss: 0.7215956449508667
  precision: 0.8052136133236785
  recall: 0.5310410697230181
val:
  AUC: 0.7277366472765732
  F1: 0.6334519572953736
  accuracy: 0.7418546080589294
  loss: 0.6385785937309265
  precision: 0.7063492063492064
  recall: 0.5741935483870968
