test:
  AUC: 0.8948693628505496
  F1: 0.8408104196816208
  accuracy: 0.8285269141197205
  loss: 0.41123756766319275
  precision: 0.8408104196816208
  recall: 0.8408104196816208
train:
  AUC: 0.9543563827175059
  F1: 0.9046283309957923
  accuracy: 0.8924900889396667
  loss: 0.27732348442077637
  precision: 0.9037832788416628
  recall: 0.9054749649040711
val:
  AUC: 0.9070879120879121
  F1: 0.8263473053892215
  accuracy: 0.8148936033248901
  loss: 0.4015975892543793
  precision: 0.8589211618257261
  recall: 0.7961538461538461
