test:
  AUC: 0.8249068893103253
  F1: 0.7713920817369093
  accuracy: 0.7527624368667603
  loss: 0.5003461837768555
  precision: 0.8308115543328748
  recall: 0.7199046483909416
train:
  AUC: 0.8183728185368573
  F1: 0.7447654386429896
  accuracy: 0.7398000359535217
  loss: 0.5127699375152588
  precision: 0.8368076235854676
  recall: 0.6709646609360076
val:
  AUC: 0.8352723426758328
  F1: 0.7147766323024055
  accuracy: 0.791979968547821
  loss: 0.49450188875198364
  precision: 0.7647058823529411
  recall: 0.6709677419354839
