test:
  AUC: 0.8678914416450891
  F1: 0.8193832599118942
  accuracy: 0.7734806537628174
  loss: 0.7105104923248291
  precision: 0.7615148413510747
  recall: 0.8867699642431466
train:
  AUC: 0.8622295663254542
  F1: 0.8131104840460169
  accuracy: 0.7673601508140564
  loss: 0.6941578388214111
  precision: 0.745324313569439
  recall: 0.8944603629417383
val:
  AUC: 0.8609201480698043
  F1: 0.7027027027027026
  accuracy: 0.7243107557296753
  loss: 0.8478285670280457
  precision: 0.6046511627906976
  recall: 0.8387096774193549
