test:
  AUC: 0.8724085088393994
  F1: 0.808641975308642
  accuracy: 0.7430939078330994
  loss: 0.6392724514007568
  precision: 0.7113122171945702
  recall: 0.9368295589988082
train:
  AUC: 0.8519233546643178
  F1: 0.7857435477263417
  accuracy: 0.7173736691474915
  loss: 0.6672512888908386
  precision: 0.687948350071736
  recall: 0.9159503342884432
val:
  AUC: 0.8234267583289265
  F1: 0.611111111111111
  accuracy: 0.5789473652839661
  loss: 0.8821511268615723
  precision: 0.47653429602888087
  recall: 0.8516129032258064
