test:
  AUC: 0.7136261598470304
  F1: 0.7076742823667252
  accuracy: 0.655386745929718
  loss: 0.6142330169677734
  precision: 0.695852534562212
  recall: 0.7199046483909416
train:
  AUC: 0.7149514213425148
  F1: 0.6980504041844984
  accuracy: 0.6568495035171509
  loss: 0.6180857419967651
  precision: 0.6950757575757576
  recall: 0.7010506208213945
val:
  AUC: 0.7011898466419884
  F1: 0.606060606060606
  accuracy: 0.6416040062904358
  loss: 0.6475905179977417
  precision: 0.5288461538461539
  recall: 0.7096774193548387
