test:
  AUC: 0.7843256985503503
  F1: 0.4126394052044609
  accuracy: 0.5635359287261963
  loss: 1.027828574180603
  precision: 0.9367088607594937
  recall: 0.26460071513706795
train:
  AUC: 0.781946700472919
  F1: 0.38726993865030673
  accuracy: 0.5682247877120972
  loss: 1.0310815572738647
  precision: 0.9824902723735408
  recall: 0.24116523400191023
val:
  AUC: 0.7135906927551562
  F1: 0.21468926553672316
  accuracy: 0.6516290903091431
  loss: 0.8666611313819885
  precision: 0.8636363636363636
  recall: 0.12258064516129032
